-1 1 2 3 4
4698 2
4697 1
4696 2
4695 2
4694 1
4693 2
4692 1
4691 1
4690 2
4689 3
4688 1
4687 3
4686 3
4685 3
4684 3
4683 1
4682 2
4681 3
4680 4
4679 3
4678 3
4677 3
4676 2
4675 2
4674 2
4673 2
4672 3
4671 1 4
4670 4
4669 2
4668 1
4667 1
4666 4
4665 1
4664 2 4
4663 3
4662 3
4661 2 4
4660 2
4659 1
4658 2
4657 2 4
4656 1
4655 1
4654 1 2
4653 1
4652 1
4651 2
4650 1
4649 1
4648 2
4647 2
4646 2 4
4645 1
4644 2
4643 1
4642 2
4641 2
4640 1
4639 3
4638 1
4637 2
4636 4
4635 1
4634 2
4633 1 4
4632 2
4631 1
4630 2
4629 1
4628 3
4627 3
4626 3
4625 3
4624 2 4
4623 1
4622 4
4621 4
4620 4
4619 1 4
4618 1 2
4617 2
4616 2
4615 4
4614 1
4613 1
4612 2
4611 1
4610 1
4609 1
4608 2
4607 1 2
4606 3
4605 3
4604 3
4603 1
4602 4
4601 1
4600 2 4
4599 4
4598 2 4
4597 1
4596 4
4595 2
4594 2 4
4593 1
4592 1
4591 2
4590 2
4589 1
4588 1
4587 1
4586 2
4585 1
4584 2
4583 3
4582 3
4581 3
4580 3
4579 1
4578 1
4577 4
4576 1
4575 2
4574 1
4573 1
4572 2 3
4571 1
4570 1
4569 3
4568 3
4567 1 3
4566 2 3
4565 1 2
4564 2
4563 1
4562 2
4561 1 4
4560 3
4559 3
4558 1 2
4557 1
4556 3
4555 3
4554 2 4
4553 1 4
4552 1 2 3
4551 2
4550 2 4
4549 2
4548 1 2
4547 1
4546 1 2
4545 2
4544 1
4543 1
4542 4
4541 1
4540 3
4539 2 4
4538 1
4537 2
4536 1
4535 2 4
4534 1
4533 1
4532 2
4531 1
4530 3
4529 2 4
4528 1
4527 3
4526 2
4525 3
4524 1 2 4
4523 2
4522 1 2
4521 2
4520 3
4519 1
4518 3 4
4517 1
4516 4
4515 1
4514 3
4513 2
4512 2 3
4511 2 3
4510 3
4509 3
4508 2
4507 2
4506 3
4505 2
4504 3
4503 3
4502 3
4501 2
4500 1
4499 2
4498 2
4497 2
4496 1
4495 1
4494 2
4493 2
4492 1
4491 3
4490 1
4489 2
4488 3
4487 2
4486 2 3
4485 3
4484 2
4483 3
4482 2
4481 2
4480 2
4479 2
4478 2 3
4477 2
4476 1
4475 3
4474 1
4473 1
4472 1 2
4471 2
4470 2
4469 2
4468 2
4467 3
4466 2
4465 1 3
4464 4
4463 4
4462 4
4461 1 3
4460 1 2 4
4459 1 2 3
4458 4
4457 1
4456 1
4455 1 2 3
4454 3
4453 2 4
4452 3
4451 3
4450 2
4449 1 4
4448 2
4447 1
4446 2 4
4445 1
4444 1 2
4443 2
4442 2
4441 1
4440 3
4439 1 2
4438 1
4437 2
4436 1 2
4435 1 4
4434 1 2
4433 1
4432 3
4431 4
4430 1
4429 3
4428 1
4427 3 4
4426 2
4425 1
4424 1 2
4423 1
4422 1
4421 2
4420 1
4419 1 4
4418 2
4417 1
4416 2
4415 1
4414 1 4
4413 3
4412 2
4411 4
4410 2
4409 1 3
4408 2
4407 1 4
4406 2 3
4405 1
4404 1 2
4403 1
4402 1
4401 2 4
4400 1 2 4
4399 3
4398 2
4397 4
4396 2
4395 2 4
4394 4
4393 4
4392 2
4391 2 3
4390 1
4389 2
4388 2
4387 2
4386 2 4
4385 1
4384 1
4383 1 2 4
4382 2
4381 3
4380 2
4379 1
4378 1 2
4377 4
4376 1 3
4375 1
4374 2
4373 2 3
4372 3
4371 1
4370 2
4369 2
4368 1 2
4367 1
4366 1 3
4365 1 3
4364 2
4363 2
4362 3
4361 2
4360 2
4359 1
4358 1
4357 2
4356 1
4355 1
4354 1 4
4353 1
4352 2
4351 2
4350 3
4349 3
2028 1 2 3 4
2027 1 2 4
2026 1 2 3 4
2025 1
2024 1 2
2023 1 4
2022 1 2
2021 1 2 4
2020 1 2 3 4
2019 1 2 4
2018 1 2 4
2017 1 2 3 4
2016 1 2 3 4
2015 1 2 3 4
2014 2
2013 1 2 3 4
2012 1 2 3 4
2011 1 2 4
2010 1 2 3 4
2009 1 2 3 4
2008 1 2
2007 1 2 3 4
2006 1 2 3 4
2005 1 2
2004 1 2 3 4
2003 1 2 4
2002 1 2 3 4
2001 1 2 3 4
2000 1 2 3 4
1999 1
1998 1 2 3 4
1997 1
1996 1 2 4
1995 1 2 3 4
1994 1 2 3 4
1993 1 2 3 4
1992 1 2 3 4
1991 1 2 3 4
1990 2 4
1989 1 2
1988 1 2 3 4
1987 1 2 4
1986 1
1985 1 2 3 4
1984 1 3 4
1983 1 2 3 4
1982 1 2 3
1981 1 2 3 4
1980 1 2 3 4
1979 1 2 3 4
1978 1 2 3 4
1977 1 2 3 4
1976 1 2
1975 1 2 4
1974 1 2 3 4
1973 3
1972 1 2 3 4
1971 1 2 3 4
1970 1 2 3 4
1969 1 2 3 4
1968 1 2 3 4
1967 1 2
1966 1 3 4
1965 1 2
1964 1 2 3 4
1963 1 2 3
1962 1 2 3 4
1961 1 2 3 4
1960 1 2 4
1959 1 2 3 4
1958 1 2 3 4
1957 1 2 3 4
1956 1 2 3 4
1955 2 3 4
1954 1 2 3 4
1953 1 2 3 4
1952 1
1951 1 2 3 4
1950 2
1949 1 2 3
1948 2 3 4
1947 1 2 3 4
1946 1 2 3 4
1945 1 2 3 4
1944 1 2 3
1943 1 2 3 4
1942 1 2 3
1941 1 2 3 4
1940 1 2 3 4
1939 1 2 3 4
1938 1 2 3 4
1937 2 4
1936 1 2 3
1935 1 2 3 4
1934 1 2 3 4
1933 1 2 3 4
1932 1 2 3 4
1931 1 2 4
1930 1
1929 1 2 3 4
1928 1 2 3 4
1927 2 3
1926 1 2 3 4
1925 2
1924 1 2 3
1923 1 2 3 4
1922 1 2 3
1921 2 4
1920 1 2 3 4
1919 1 2 3
1918 1 4
1917 1 2 3 4
1916 1 2 3 4
1915 1 2 3 4
1914 1 2 3
1913 1 2
1912 1 2 3 4
1911 1 2 3 4
1910 1 2 3 4
1909 1 2 3 4
1908 1 2 3 4
1907 2
1906 1 2 3 4
1905 1 2 3 4
1904 1 2 4
1903 1 2 3 4
1902 1 2 3
1901 1 2 3 4
1900 1 2
1899 1 2 3 4
1898 1 2 3 4
1897 1 2
1896 1 3
1895 2 3
1894 1
1893 1 2 3 4
1892 1 2 3 4
1891 1 2 4
1890 1 2 3 4
1889 1 2 3 4
1888 1 2 3 4
1887 1 2 3 4
1886 1 2 3 4
1885 2 3
1884 1 2
1883 1 2 3 4
1882 1 2 3 4
1881 1 2 3 4
1880 1 2 3 4
1879 1
1878 1 2 3 4
1877 1 2
1876 3
1875 1 2 3 4
1874 1 2 3 4
1873 1 2 3
1872 1 2 3
1871 1 4
1870 1 2 3 4
1869 1 2 3 4
1868 1 2
1867 1 2 3 4
1866 1 3 4
1865 1 2 3 4
1864 2
1863 1 3
1862 2
1861 1 2 3 4
1860 1 2 3 4
1859 1 3 4
1858 1 2 3 4
1857 1 2 3
1856 1 2 4
1855 1 3 4
1854 1 3
1853 3
1852 1 3
1851 1 2 3 4
1850 1 2 3 4
1849 1 2 3 4
1848 1 2 3 4
1847 1 2 3 4
1846 1
1845 1 2 3 4
1844 1 2 3
1843 2 3
1842 1 2 3 4
1841 1 2 3 4
1840 2 4
1839 1 2 3 4
1838 1 2 3 4
1837 1 2 3 4
1836 1 2 3 4
1835 1 2 3 4
1834 1 2 3 4
1833 1 2 3 4
1832 1 3
1831 1 3
1830 1 2 3 4
1829 1 2 3 4
1828 1 2 3 4
1827 2
1826 1
1825 1 2 3 4
1824 1 2 3 4
1823 1 2 3 4
1822 1
1821 1 2 3 4
1820 1 2 3 4
1819 1 2 3 4
1818 1 2 3
1817 1 2 3 4
1816 1 2 3 4
1815 1 2 3 4
1814 1 2 3 4
1813 1 2 3 4
1812 2
1811 1
1810 1 2
1809 1
1808 1 2 3 4
1807 1 2 3 4
1806 1 2 4
1805 1 2
1804 1 2 3 4
1803 1 2 4
1802 2
1801 1 2 3 4
1800 1 2
1799 1 2 4
1798 1
1797 1 2
1796 1 2 3 4
1795 1 2 3 4
1794 2
1793 1
1792 1
1791 1 2 3 4
1790 1 2 3 4
1789 1 2
1788 1 2 3 4
1787 1 2 3 4
1786 1 2 3 4
1785 1 2 3 4
1784 1 2 3
1783 1 2 3 4
1782 1 2 3 4
1781 1 2 3
1780 1 3
1779 1 2 3 4
1778 1 2 3
1777 2 3
1776 1 2 3
1775 1 2 3 4
1774 1 3
1773 1 2 3 4
1772 1 2 3 4
1771 1 2 3 4
1770 3
1769 1 2 3 4
1768 1 2
1767 1 2 3 4
1766 1 2 3 4
1765 1 2 3 4
1764 1 2 3 4
1763 1 2 3 4
1762 2
1761 1 2 3 4
1760 1 2 3 4
1759 1 3
1758 1 2 3
1757 1 2 4
1756 1 3
1755 1 2 3 4
1754 1 2 3 4
1753 1 2 3 4
1752 1 2 3 4
1751 1 2 4
1750 1 2 3 4
1749 1 3
1748 1
1747 1 2 4
1746 2 3 4
1745 1 2 3 4
1744 1 2 3 4
1743 1 2 3 4
1742 1 2 3 4
1741 1 2 4
1740 2 3
1739 1 2 3 4
1738 1 2 3 4
1737 1 2 3 4
1736 1 2 3 4
1735 1 2 3 4
1734 1 2 3 4
1733 1 2 3
1732 1 2 3 4
1731 1 2 3 4
1730 2 3 4
1729 1 2 3
1728 1 2 3 4
1727 1 2 4
1726 1 2 3 4
1725 1 2 3
1724 1 2 3 4
1723 1 2 3 4
1722 1 2
1721 1 2 3 4
1720 1 2 3 4
1719 2
1718 1 3 4
1717 1 3
1716 1 2 3
1715 1 2 3
1714 1 2 3
1713 1 2 4
1712 1 2 3 4
1711 1 2 3 4
1710 1 2 3
1709 1 3 4
1708 1 2 3
1707 1 2 3 4
1706 1 2 3 4
1705 1 2 4
1704 1 2 3 4
1703 2
1702 4
1701 1 2 3
1700 1 2 3
1699 1 2
1698 1 3 4
1697 1 2 3 4
1696 2
1695 1 2 3 4
1694 2 4
1693 1 2 3 4
1692 1 2 3 4
1691 1 3 4
1690 1 2 3 4
1689 1 3
1688 1 2 3 4
1687 1 2 3 4
1686 1 2 3
1685 1 2 3 4
1684 1 2 3 4
1683 1 2 3 4
1682 1 2 3 4
1681 1 3 4
1680 1 2 3 4
1679 1 2 3 4
1678 1 2 3 4
1677 1 2 3 4
1676 1 2 3 4
1675 1 2 3 4
1674 1 2 3 4
1673 1 2 3 4
1672 1 2 3
1671 1 2 4
1670 1 2 3 4
1669 1 2 3
1668 1 2 3 4
1667 1 3 4
1666 1 2 3 4
1665 1 2 3 4
1664 1 2 3 4
1663 1 2 3 4
1662 1 2 4
1661 1 2 3 4
1660 1
1659 1 2 3
1658 1 2 3 4
1657 1 2 3 4
1656 1 2 3 4
1655 1 2 3 4
1654 1 2
1653 1 2 3 4
1652 1 2 3 4
1651 1 2 3
1650 1 2 3 4
1649 1 2 3 4
1648 1 2 3
1647 2
1646 1 2 4
1645 1 2
1644 1
1643 1 2
1642 1 2
1641 1 2 3 4
1640 1 2 3 4
1639 1 2 3
1638 1 2 3 4
1637 2 4
1636 1 2 3 4
1635 1 2 3 4
1634 1 2 3 4
1633 1 2 3 4
1632 2
1631 1
1630 1 2 3
1629 1 3
1628 1 2
1627 1 4
1626 1 2 3 4
1625 1 2 3 4
1624 2 4
1623 1 2 4
1622 1 2 3 4
1621 1 3
1620 1 2 3 4
1619 1 2 3 4
1618 1 2 3 4
1617 1 2 3 4
1616 1 2 3 4
1615 1 2
1614 1 2 4
1613 1 2 3 4
1612 1 2 4
1611 1 2 4
1610 1 2 3 4
1609 1 2 3 4
1608 1 2
1607 1 2 3 4
1606 1 2 3 4
1605 1 2 3
1604 1 2 3
1603 1 2 3
1602 1 2 4
1601 1 2 3 4
1600 2 4
1599 2
1598 1 2 4
1597 2
1596 1 2 3 4
1595 1 2 3 4
1594 1 2 3 4
1593 1 2
1592 1 2 3 4
1591 1 2 3 4
1590 2 4
1589 1 2 3 4
1588 1 2 4
1587 1 4
1586 1 2 3 4
1585 1 2 3 4
1584 1 2 3
1583 1 3
1582 1 2 4
1581 1 2 3
1580 1 2 3 4
1579 1 2 3 4
1578 1 2 3 4
1577 1 2 3 4
1576 1 3
1575 1 3
1574 1 2 3 4
1573 1 2 3
1572 1 2 3
1571 1 2 4
1570 1 2 3 4
1569 1 2 3 4
1568 1 2
1567 2 4
1566 1 2 3 4
1565 1 2 3
1564 1 2 3 4
1563 1 2 4
1562 1 2
1561 1 2 3 4
1560 1 2 3 4
1559 1 2 3 4
1558 1 2 3 4
1557 2
1556 1
1555 1 2 3 4
1554 1 2 3
1553 1 2 3 4
1552 1 2 3 4
1551 1 2 3 4
1550 1 2 3 4
1549 1 2 3 4
1548 1 2 3 4
1547 1 2 3 4
1546 1 2 3 4
1545 1 2 3 4
1544 2 3
1543 1 3
1542 1 2 3
1541 1 4
1540 1 2 4
1539 1 2 3 4
1538 1 2 3
1537 1 2 3 4
1536 2
1535 1 2 3 4
1534 1 2 3 4
1533 1 2 3
1532 1 2 3
1531 1 2 3 4
1530 2 3
1529 1 2
1528 1 2 4
1527 1 2 3 4
1526 1 3
1525 1 2 3 4
1524 1 2 3
1523 1 2 3 4
1522 1 2 3 4
1521 1 2 3 4
1520 1 2 3 4
1519 1 2 3 4
1518 1 2 3 4
1517 1 2 3
1516 1 2 3 4
1515 1 2 3 4
1514 2 3 4
1513 1 2 3 4
1512 1 2 3 4
1511 1 2 3 4
1510 1 2 3
1509 1 2 3 4
1508 1 2 3 4
1507 1 2 3 4
1506 1 2 3 4
1505 1 2 3
1504 1 2 3
1503 1 2 3 4
1502 1 2 3
1501 1 2 3 4
1500 1 2 3 4
1499 2 3
1498 1 2 3 4
1497 1 2 3 4
1496 1 2 3 4
1495 1 2 3 4
1494 1 2 3 4
1493 1 3
1492 1 2 3 4
1491 1 2 3 4
1490 1 2 3 4
1489 1 2 3 4
1488 1 2 3 4
1487 1 2 3 4
1486 1 3
1485 1 2 3 4
1484 1
1483 1 2 3
1482 1 2 3
1481 1 2 3 4
1480 1 2 3 4
1479 1 2 3 4
1478 1 2 3 4
1477 3 4
1476 1 2 3 4
1475 1 2 3 4
1474 2 3
1473 1 2 3 4
1472 1 2 3
1471 1 2 3
1470 1 2 4
1469 1 2 3 4
1468 1 2 3 4
1467 1 2 4
1466 1 2 3 4
1465 1 2 3 4
1464 1 2 3 4
1463 1 2 3
1462 1 2 3 4
1461 1 2 3 4
1460 2 4
1459 1 2 4
1458 1 2 3 4
1457 1 2 3 4
1456 1 2 3
1455 1 2 3 4
1454 1 2 3 4
1453 1 2 4
1452 1 2 3 4
1451 1 2 4
1450 1 2 4
1449 1 2 3 4
1448 1 2 3 4
1447 1 2 3
1446 1 2 3 4
1445 1 2 3 4
1444 1 2 3 4
1443 1 2 4
1442 1
1441 1 2 3 4
1440 1 2 3 4
1439 1 2 3
1438 1 2 3 4
1437 1 2 3 4
1436 1 2 3 4
1435 1 2 3 4
1434 1 2 4
1433 1 3
1432 1 2 3 4
1431 1 2 3 4
1430 1 2 3 4
1429 1 2 3
1428 1 2 3 4
1427 1 2 3 4
1426 1 2 3
1425 1 2 3 4
1424 1 2 3 4
1423 1 2 3 4
1422 2 4
1421 1 2 3 4
1420 1 2 3 4
1419 1 2 3 4
1418 1 2 3 4
1417 1 3
1416 1 2 3 4
1415 1 2 3 4
1414 2 4
1413 1 2 3
1412 1
1411 1 2 3 4
1410 1 2 3 4
1409 1 2 4
1408 1 2 3 4
1407 1 2 3 4
1406 1 2 3 4
1405 1 2 3 4
1404 1 2 3 4
1403 1 2 3 4
1402 1 2 3 4
1401 1 2 3 4
1400 1 2 3 4
1399 1 2 3
1398 2
1397 1 2 3
1396 1 3
1395 1 2 4
1394 1 2 3 4
1393 1 2 3 4
1392 1 2 3 4
1391 1 2 3 4
1390 1 2 3 4
1389 1 2 3 4
1388 1 2 3 4
1387 1 2 3 4
1386 1 2 4
1385 1 2 3 4
1384 1 2
1383 1 2 3 4
1382 1 3 4
1381 1 2
1380 1 2 3 4
1379 1 2 3 4
1378 1 2 4
1377 1 2 3
1376 1 2 3 4
1375 1 2 3 4
1374 1 2 3 4
1373 1 2 3 4
1372 1 3 4
1371 1 2 3
1370 1 2 3 4
1369 1 2 4
1368 1 2 3 4
1367 1 2 3 4
1366 1 2 3 4
1365 1 2 3 4
1364 1 2 3 4
1363 1 2 3 4
1362 1 2 3 4
1361 1 2 3 4
1360 1
1359 1 2 3 4
1358 1 3 4
1357 1 2 3 4
1356 1 2 3 4
1355 1 2 3 4
1354 1 2 3 4
1353 1 2
1352 1 2 4
1351 1 2 3
1350 1 2 3 4
1349 1 2 4
1348 1 2 3 4
1347 1 2 3 4
1346 1 2 3 4
1345 1 2 3 4
1344 1 2 3
1343 2 4
1342 1 2 3 4
1341 1 2 3
1340 1 2 3 4
1339 1 3
1338 1 2 3 4
1337 1 2 3
1336 1 2 3 4
1335 1 2 3 4
1334 1 2 3 4
1333 1 2 3 4
1332 1 2 3 4
1331 1 2 3 4
1330 1 3
1329 1 2 3 4
1328 1 2 3
1327 1 2 3 4
1326 1 4
1325 1 2 4
1324 1 2 3 4
1323 1 2 3 4
1322 1 2 3 4
1321 1 2 3 4
1320 1 2 3 4
1319 1 2
1318 1 3
1317 1 3 4
1316 1 2 3 4
1315 1 2 3 4
1314 1 3
1313 1 2 3 4
1312 1 2
1311 1 2 3 4
1310 1 2 3 4
1309 1 2 4
1308 1 2 3 4
1307 1 2 3 4
1306 1 2 4
1305 1 2 3 4
1304 1 2 3 4
1303 1
1302 1 2 3 4
1301 1 2 3
1300 1 2 3 4
1299 2
1298 1 3 4
1297 1 2 3
1296 1 2 3 4
1295 1 2 3 4
1294 1 2 3
1293 1 2 3
1292 1 2 3
1291 1 2 4
1290 1 2 3 4
1289 1 2 3 4
1288 1 3 4
1287 1 2 3 4
1286 1 2 3 4
1285 1 2 3 4
1284 1 4
1283 2 3 4
1282 1 2 4
1281 1 2 4
1280 1 2 3 4
1279 1 2 3 4
1278 1 2 3 4
1277 1 2 3 4
1276 1 2 3 4
1275 1 2 3 4
1274 1 2 3 4
1273 1 2 3 4
1272 1 2 3 4
1271 1 2 3 4
1270 1 2 3 4
1269 1 3 4
1268 1 2 3 4
1267 1 2 3 4
1266 2 3
1265 1 2 3
1264 1 2
1263 1 2 3 4
1262 1 2 3 4
1261 1 2 3 4
1260 1 2 3
1259 1 2 3 4
1258 1 2 3 4
1257 1 2 3
1256 1 2 3 4
1255 1 2 3 4
1254 1 2 3
1253 1 2 3
1252 1 2 3 4
1251 1 2 3 4
1250 1 2 3 4
1249 2 4
1248 1 2 3 4
1247 1 2 3 4
1246 1 2 3 4
1245 1 2 3 4
1244 1 2 3 4
1243 1 2 3
1242 1 2 3 4
1241 1 2 3 4
1240 1 2 3 4
1239 1 3 4
1238 1 2 3 4
1237 1 2 3 4
1236 1 2 3 4
1235 1 2 3 4
1234 1 2 3 4
1233 1 2 3 4
1232 1 2 3 4
1231 1 2 3 4
1230 1 2 3 4
1229 1 2 3 4
1228 1 2 3 4
1227 1 3
1226 1 2 3 4
1225 1 2 3 4
1224 1 2 3 4
1223 1 3
1222 1 2 3 4
1221 1 2 3 4
1220 1 2 3 4
1219 1 2 3 4
1218 1 2 3 4
1217 1 2 3
1216 1 2 3 4
1215 1 2 3
1214 1 2 3 4
1213 1 2
1212 1 2 3 4
1211 1 2 3 4
1210 1 3 4
1209 1 2 3 4
1208 1 2 3 4
1207 1 2 3 4
1206 1 2 3 4
1205 1 2 3 4
1204 1 2 3 4
1203 1 2 3 4
1202 1 2 3 4
1201 1 2 3 4
1200 1 2 3 4
1199 1 2 3 4
1198 1 2 3 4
1197 1 2 3 4
1196 1 2 3 4
1195 1 2 3
1194 1 2 3 4
1193 1 3
1192 3
1191 1 3
1190 3
1189 1 2 3 4
1188 1 2 3 4
1187 1 2 3 4
1186 1 2 3 4
1185 1 2 3 4
1184 1 2 3 4
1183 1 2 3 4
1182 1 2 3 4
1181 1 2 3 4
1180 1 2 3 4
1179 1 2 3 4
1178 1 2 4
1177 1 2 3 4
1176 1 2 3 4
1175 1 2 3 4
1174 1 2 3 4
1173 1 2 3 4
1172 1 2 3 4
1171 1 2 3 4
1170 1 2 3 4
1169 2 4
1168 1 2 3 4
1167 1 2 4
1166 1 2 3 4
1165 1 2 4
1164 1 2 3 4
1163 1 2 3
1162 1 2 3 4
1161 3
1160 3
1159 1 2 3 4
1158 1 2 3 4
1157 1 2 3 4
1156 1 2 3 4
1155 1 2 3
1154 1 2 3 4
1153 1 2 3 4
1152 1 2 4
1151 1 2 3 4
1150 1 2 3 4
1149 1 3
1148 1 2 3 4
1147 1 2 3 4
1146 1 2 3 4
1145 1 2 3 4
1144 1 2 3 4
1143 1 2 3 4
1142 1 2 3 4
1141 1 2 3 4
1140 2 3
1139 1 2 3 4
1138 1 2 3 4
1137 1 2 3 4
1136 1 2 3 4
1135 1 2 3 4
1134 1 2 3 4
1133 1
1132 1 2 3 4
1131 1 2 4
1130 1 2 3 4
1129 1 2 3 4
1128 1 2 4
1127 2 3
1126 1 2 3 4
1125 1 2 3 4
1124 1 2 3
1123 1 2 3 4
1122 1 2 3 4
1121 1 2 3 4
1120 1 2 3 4
1119 2 4
1118 1
1117 1 2 3 4
1116 1 2 3 4
1115 2
1114 1 2 3 4
1113 1 2 3 4
1112 1 2 3 4
1111 1 2 3 4
1110 1 2 3 4
1109 1 2 3 4
1108 1 2 3 4
1107 1 2 3 4
1106 1 2 3 4
1105 1 2 3 4
1104 1 2 3 4
1103 1 2 3 4
1102 1 2 3 4
1101 2 3 4
1100 1 2 3 4
1099 1 3
1098 1 2 3 4
1097 1 2 3
1096 1 2 3
1095 1 2 3 4
1094 1 2 3 4
1093 1 2 3 4
1092 1 2 3 4
1091 1 3
1090 1 2 3 4
1089 1 2 3 4
1088 1 2 3 4
1087 1 2 3 4
1086 1 2 3 4
1085 1 2 3 4
1084 1 2 3 4
1083 1 2 3 4
1082 1 2 3 4
1081 1 2 3 4
1080 1 2 3 4
1079 1 2 3 4
1078 1 2 3 4
1077 1 2 3 4
1076 1 2 3 4
1075 1 2 3 4
1074 1 3 4
1073 1 2 3 4
1072 1 2 3 4
1071 1 2 3 4
1070 1 2 3 4
1069 1 2 3 4
1068 1 2 3 4
1067 1
1066 1 2 3 4
1065 1 2 3
1064 1 2 3 4
1063 1 2 3 4
1062 1 2 3 4
1061 1 2 3 4
1060 1 2 3 4
1059 1 2 3 4
1058 1 2 3 4
1057 1
1056 1 2 3 4
1055 1 2 3 4
1054 1 2 3 4
1053 1 2 3 4
1052 1 2 3 4
1051 1 2 3 4
1050 1 2 4
1049 1 2 3 4
1048 1 2 4
1047 1 2 3 4
1046 1 2 3 4
1045 1 2 3 4
1044 1 2 3 4
1043 1 2 3
1042 1 2 3 4
1041 1 2 3 4
1040 1 2 3
1039 1 2 3 4
1038 1 3
1037 1 2 3 4
1036 1 2 4
1035 1 2 3 4
1034 1 2 3 4
1033 1 2 4
1032 1 2 3 4
1031 1 2 3 4
1030 1 2 3 4
1029 1 2 3 4
1028 1 2 3
1027 1 2 3 4
1026 1 2 3 4
1025 1 2 4
1024 1 2 4
1023 1 2 3 4
1022 1 2 3 4
1021 1 2 3 4
1020 1 2 3 4
1019 1 2 3 4
1018 1 2 3
1017 1 2 3 4
1016 1 2 3 4
1015 1 2 3 4
1014 1 2 3 4
1013 2 4
1012 1 2 3 4
1011 1 2 3
1010 1 2 3 4
1009 1 2 3 4
1008 1 2 3 4
1007 1 2 3 4
1006 1 2 3 4
1005 1 2 3 4
1004 1 2 3 4
1003 1 2 3 4
1002 1 2 3 4
1001 1 2 3 4
1000 1 2 3 4
999 1 2 3 4
998 1 2 3 4
997 1 2 4
996 1 2 3 4
995 1 2 3 4
994 1 2 3 4
993 1 2 3 4
992 1 2 3 4
991 1 2 3 4
990 1 2 3 4
989 2 3 4
988 1 2 3 4
987 1 2 3 4
986 1 2 3 4
985 1 2 3 4
984 2
983 1 2 3 4
982 1 2 3 4
981 1 2 4
980 1 2 3 4
979 1 2 3 4
978 1 2 3 4
977 1 2 3 4
976 1 2 3 4
975 1 2 3 4
974 1 2 3 4
973 1 2 3 4
972 1 2 3 4
971 1 2
970 1 2 3 4
969 1 2 3 4
968 1 2 4
967 1 2 3 4
966 1 2 3
965 1 2 3 4
964 2 4
963 1 2 3 4
962 1 2 3 4
961 1 2 3 4
960 1 2 3 4
959 1 2 3 4
958 1 4
957 1 2 3 4
956 1 2 3 4
955 1 2 3 4
954 1 2 3 4
953 2 3
466 1 2 3 4
465 1 2 3 4
464 1 2 3 4
463 1 2 3 4
462 1 2 3 4
461 1 2 3 4
460 1 2 3 4
459 1 2 4
458 2 4
457 1 2 3 4
456 1 2 3 4
455 1 2 3 4
454 1 2 3 4
453 1 2 3 4
452 1 2 4
451 1 2 3 4
450 1 2 3 4
449 1 2 3 4
448 1 2 3 4
447 1 3 4
446 1 2 4
445 1 2 3 4
444 1 2 3 4
443 1 2 3 4
442 1 2 3 4
441 1 2 3 4
440 1 2 3 4
439 1 2 3
438 1 2 3 4
437 1 3 4
436 1 2 3 4
435 1 2 3 4
434 1 2 3 4
433 1 2 3 4
432 1 2 3 4
431 1 2 3 4
430 1
429 1 2 3 4
428 1 2 3 4
427 1 2 3 4
426 1 2 3 4
425 3
424 1 2 3 4
423 1 2 3 4
422 1 2 3 4
421 1 2 3 4
420 1 2 3 4
419 1 2 3 4
418 1 2 3 4
417 1 2 3 4
416 1 2 3 4
415 1 2 3 4
414 1 2 3 4
413 1 2 3 4
412 1 2 3 4
411 1 2 3 4
410 1 2 3 4
409 1 2 3 4
408 1 2 3 4
407 1 2 3 4
406 1 2 3 4
405 2 4
404 1 2 3 4
403 1 2 3 4
402 1 2 3 4
401 1 2 3 4
400 1 2 3 4
399 1 2 3 4
398 1 2 3 4
397 1 2 3 4
396 1 2 3 4
395 1 2 4
394 1 2 4
393 1 2 3 4
392 1 2 3 4
391 1 2 3 4
390 1 2 3 4
389 1 2 3 4
388 1 2 3 4
387 1 2 3 4
386 1 2 3 4
385 1 2 3 4
384 1 2 3 4
383 1 2 3 4
382 1 2 3 4
381 1 2 3 4
380 1 2 3 4
379 1 2 3 4
378 1 2 3 4
377 1 2 3 4
376 1 2 3 4
375 1 2 3 4
374 1 2 3 4
373 1 2 3 4
372 1 2 3 4
371 1 2 3 4
370 1 2 3 4
369 1 2 3 4
368 1 2 3 4
367 1 2 3 4
366 1 3
365 1 2 3 4
364 1 2 3 4
363 1 2 3 4
362 1 2 3 4
361 1 2 3 4
360 1 2 3
359 1 2 3 4
358 1 2 3 4
357 1 2 3 4
356 1 2 3 4
355 1 2 3 4
354 1 2 3 4
353 1 2 3 4
352 1 2 3 4
351 1 2 3 4
350 1 2 3 4
349 1 2 3 4
348 1 2 3 4
347 1 2 3 4
346 1 2 3 4
345 1 2 3 4
344 1 2 3
343 1 2 3 4
342 1 2 3 4
341 1 2 3 4
340 1 2 3 4
339 1 2 3 4
338 1 2 3 4
337 1 2 3 4
336 1 2 3 4
335 1 2 3 4
334 1 2 3 4
333 1 2 3 4
332 1 2 3 4
331 1 2 3 4
330 1 2 3 4
329 1 2 3 4
328 1 2 3 4
327 1 2 3 4
326 1 2 3 4
325 1 2 3 4
324 1 2
323 1 2 3 4
322 1 2 3 4
321 1 2 3 4
320 1 2 3 4
319 1 2 3 4
318 1 2 3 4
317 1 2 3 4
316 1 2 3 4
315 1 2 3 4
314 1 2 3 4
313 1 2 3 4
312 1 2 3 4
311 1 2 3 4
310 1 2 3 4
309 1 2 3 4
308 1 2 3 4
307 1 2 3 4
306 1 2 3 4
305 1 2 3 4
304 1 2 3 4
303 1 2 3 4
302 1 2 3 4
301 1 2 3 4
300 1 2 3 4
299 1 2 3 4
298 1 2 3 4
297 1 2 3 4
296 1 2 3 4
295 1 2 3 4
294 1 2 3 4
293 1 2 3 4
292 1 2 3 4
291 1 2 3 4
290 1 2 3 4
289 1 2 3 4
288 1 2 3 4
287 1 2 3 4
286 1 2 3 4
285 1 2 3 4
284 1 2 3 4
283 1 2 3 4
282 1 2 3 4
281 1 2 3 4
280 1 2 3 4
279 1 2 3 4
278 1 3 4
277 1 2 3 4
276 1 2 3 4
275 1 2 3 4
274 1 2 3 4
273 1 2 3 4
272 1 2 3 4
271 1 2 3 4
270 1 2 3 4
269 1 2 3 4
268 1 2 3 4
267 1 2 3 4
266 1 2 3 4
265 1 2 3 4
264 1 2 3 4
263 1 2 3 4
262 1 2 3 4
261 1 2 3 4
260 1 2 3 4
259 1 2 3 4
258 1 2 3 4
257 1 2 3 4
256 1 2 3 4
255 1 2 3 4
254 1 2 3 4
253 1 2 3 4
252 1 2 3 4
251 1 2 3 4
250 1 2 3 4
249 1 2 3 4
248 1 2 3
247 1 2 3 4
246 1 2 3 4
245 1 2 3 4
244 1 2 3 4
243 1 2 3 4
242 1 2 3 4
241 1 2 3 4
240 1 2 3 4
239 1 2 3 4
238 1 2 3 4
237 1 2 3 4
236 1 3 4
235 1 2 3 4
234 1 2 3 4
233 1 2 3 4
232 1 2 3 4
231 1 2 3 4
230 1 2 3 4
229 1 2 3 4
228 1 2 3 4
227 1 2 3 4
108 1 2 3 4
107 1 2 3 4
106 1 2 3
105 1 2 3 4
104 1 2 3 4
103 1 2 4
102 1 2 3 4
101 1 2 3 4
100 1 2 3 4
99 1 2 3 4
98 1 2 3 4
97 1 2 3 4
96 1 2 3 4
95 1 2 3 4
94 1 2 3 4
93 2 3 4
92 1 3 4
91 1 2 3 4
90 1 2 3 4
89 1 2 3 4
88 1 2 3 4
87 1 2 3 4
86 1 2 3 4
85 1 2 3 4
84 1 2 3 4
83 1 2 3 4
82 1 2 3 4
81 1 2 3 4
80 1 2 3 4
79 1 2 3 4
78 1 2 3 4
77 1 2 3 4
76 1 2 3 4
75 1 2 3 4
74 1 2 3 4
73 1 2 3 4
72 1 2 3 4
71 3
70 1 2 3 4
69 1 2 3 4
68 1 2 4
67 1 2 3 4
66 1 2 3 4
65 1 2 4
64 2 3 4
63 2 4
62 1 2 3 4
61 1 2 3 4
60 1 2 3 4
59 1 2 3 4
58 1 2 3 4
57 2 3 4
56 1 2 3 4
55 1 2 3 4
54 1 3
53 3
22 1 2 3 4
21 1 2 3 4
20 1 2 3 4
19 1 2 3
18 1 3 4
17 1 2 3 4
16 1 2 3 4
15 1 2 3 4
14 1 2 3 4
13 1 2 3 4
12 1 2 3 4
11 1 2 3 4
10 1 2 3 4
9 1 2 3 4
8 1 2 3 4
7 1 2 3 4
6 1 2 3 4
5 1 2 3 4
4 1 2 3 4
3 1 2 3 4
2 1 2 3 4
1 1 2 3 4
23 1 2 3 4
24 2 3 4
25 1 2 3 4
26 1 2 3 4
27 1 2 4
28 1 2 3 4
29 1 2 3 4
30 1 2 3 4
31 3
32 1 2 3 4
33 1 2 3 4
34 1 2 3 4
35 1 2 3 4
36 1 2 3 4
37 1 2 3 4
38 1 2 3 4
39 1 2 3 4
40 1 2 3 4
41 1 2 3 4
42 1 2 3 4
43 1 2 3 4
44 1 2 3 4
45 1 2 3 4
46 1 2 3 4
47 1 3
48 1 2 3 4
49 1 2 3 4
50 1 2 3 4
51 1 2 3 4
52 3
109 1 2 3 4
110 1 2 3 4
111 1 2 3
112 1 2 3 4
113 1 2 3 4
114 1 2 3 4
115 1 2 3 4
116 1 2 3 4
117 1 2 3 4
118 3
119 1 2 3 4
120 1 2 3 4
121 1 2 3 4
122 1 2 3 4
123 1 2 3 4
124 1 2 3 4
125 1 2 3 4
126 1 2 3 4
127 1 2 3 4
128 1 2 3 4
129 1 3
130 1 2 3 4
131 1 2 3 4
132 1 2 3 4
133 1 2 3 4
134 1 2 3 4
135 1 2 3 4
136 1 2 3 4
137 1 3
138 1 2 3 4
139 1 2 3 4
140 1 2 3 4
141 1 2 3 4
142 1 2 3 4
143 1 2 3 4
144 1 2 3 4
145 1 2 3 4
146 1 2 3 4
147 1 2 3 4
148 1 2 3 4
149 1 2 3 4
150 1 2 3 4
151 1 2 3 4
152 1 2 3 4
153 1 2 3 4
154 1 2 3 4
155 1 2 3 4
156 1 2 3 4
157 1 2 3 4
158 1 2 3 4
159 1 2 3 4
160 1 2 3 4
161 1 2 3 4
162 1 2 3 4
163 1 2 3
164 1 2 3 4
165 3
166 1 2 3 4
167 1 2 3 4
168 3
169 1 2 3 4
170 1 2 3 4
171 1 2 3 4
172 1 2 3 4
173 1 2 3 4
174 1 2 3 4
175 1 2 3 4
176 1 2 3 4
177 1 2 3 4
178 1 2 3 4
179 1 2 3 4
180 1 2 3 4
181 1 2 3 4
182 1 2 3 4
183 1 2 3 4
184 1 2 3 4
185 1 2 3 4
186 1 2 3 4
187 1 2 4
188 1 2 3 4
189 1 2 3 4
190 1 2 3 4
191 1 2 3 4
192 1 2 3 4
193 1 2 3 4
194 1 2 3 4
195 1 2 3 4
196 1 2 3 4
197 2 4
198 1 2 3 4
199 1 2 3 4
200 1 2 3 4
201 1 2 3 4
202 1 2 3 4
203 1 2 3 4
204 1 3 4
205 1 2 3 4
206 1 2 3 4
207 1 2 3 4
208 1 2 3 4
209 1 2 3 4
210 1 2 3 4
211 1 2 3 4
212 1 2 3 4
213 1 2 3 4
214 1 2 3 4
215 2 4
216 1 2 3 4
217 1 2 3 4
218 1 2 3 4
219 1 2 3 4
220 1 2 3 4
221 1 2 3 4
222 1 2 3 4
223 1 2 3 4
224 1 2 3 4
225 1 2 3 4
226 1 2 3 4
467 1 2 3 4
468 1 2 3 4
469 1 2 3 4
470 1 2 3 4
471 1 2 3 4
472 1 2 3 4
473 1 2 3 4
474 1 2 3 4
475 1 2 3 4
476 1 2 4
477 1 2 3 4
478 1 2 3 4
479 1 2 3 4
480 1 2 3 4
481 1 2 3 4
482 1 2 3 4
483 1 2 3 4
484 1 2 3 4
485 1 2 3 4
486 1 2 3 4
487 1 2 3 4
488 1 2 3 4
489 1 2 3 4
490 1 2 3 4
491 1 2 3 4
492 1 2 3 4
493 1 2 3 4
494 1 2 3 4
495 1 2 3 4
496 1 2 3 4
497 1 2 3 4
498 1 2 3 4
499 1 2 3
500 1 2 3 4
501 1 2 3 4
502 1 2 3 4
503 2
504 1 2 4
505 1 2 3 4
506 1 2 3 4
507 1 2 3 4
508 1 2 3 4
509 1 2 3 4
510 1 2 3 4
511 1 2 3 4
512 1 2 3 4
513 2 4
514 1 2 3 4
515 1 2 3 4
516 1 2 3 4
517 1 2 3 4
518 1 2 3 4
519 1 2 3 4
520 1 2 3 4
521 1 2 3 4
522 1 2 3 4
523 1 2 3 4
524 1 2 3 4
525 1 2 3 4
526 1 2 3 4
527 1 2 3 4
528 1 2 3 4
529 1 2 4
530 1 2 3 4
531 1 2 3 4
532 1 2 3 4
533 1 2 3 4
534 1 2 4
535 1 2 3 4
536 1 2 3 4
537 1 2 3 4
538 1 2 3 4
539 1 2 3 4
540 1 2 4
541 1 2 3 4
542 1 2 3 4
543 1 2 3 4
544 1 2 3 4
545 1 2 3 4
546 1 2 3 4
547 1 2 3 4
548 2 3 4
549 1 2 3
550 1 2 3
551 1 2 4
552 1 2 3 4
553 1 2 3 4
554 1 2 3 4
555 1 2 3 4
556 1 2 3 4
557 1 2 3 4
558 1 2 3 4
559 1 2 3 4
560 1 2 3 4
561 1 2 3 4
562 1 2 3 4
563 2 4
564 1 2 3 4
565 1 2 3 4
566 1 2 3 4
567 1 2 3 4
568 1 2 3 4
569 1 2 3 4
570 2
571 1 2 3 4
572 1 2 3 4
573 1 2 3 4
574 1 2 3 4
575 1 2 3 4
576 1 2 3 4
577 1 2 3 4
578 1 2 3 4
579 1 2 3 4
580 1 2 3 4
581 1 2 3 4
582 1 2 3
583 1 2 3 4
584 1 2 3 4
585 1 2 3 4
586 1 2 3 4
587 1 2 3 4
588 1 2 3 4
589 1 3
590 1 2 3 4
591 1 2 3 4
592 1 2 3 4
593 1 2 3 4
594 1 2 3 4
595 1 2 3 4
596 1 2 3 4
597 1 2 3 4
598 1 2 3 4
599 1 2 3 4
600 1 2 3 4
601 1 2 3 4
602 2 3 4
603 1 2 3 4
604 1 2 4
605 1 2 4
606 1 2 3 4
607 1 2 3 4
608 1 2 3 4
609 1 2 3 4
610 1 2 3 4
611 1 2 3 4
612 1 2 3 4
613 1 2 3 4
614 1 2 3 4
615 1 2 3 4
616 1 2 3 4
617 1 2 3 4
618 1 2
619 1 2 3 4
620 1 2 3 4
621 1 2 3 4
622 1 2 4
623 1 2 3 4
624 1 2 3 4
625 1 2 3 4
626 1 2 3 4
627 1 2 4
628 1 2 3 4
629 1 2 3 4
630 1 2 3 4
631 1 2 3 4
632 1 2 4
633 1 3 4
634 1 2 3 4
635 1 2 3 4
636 1 2 3 4
637 1 2 3 4
638 1 2 3 4
639 1 2 3 4
640 1 2 3 4
641 1 2 3 4
642 1 2 3 4
643 1 2 3 4
644 1 2 3 4
645 1
646 1 2 3 4
647 1 2 3 4
648 1 2 3 4
649 1 2 3
650 1 2 3 4
651 1 2 3 4
652 1 2 3 4
653 1 2 3 4
654 1 2 3 4
655 1 2 3 4
656 1 2 3 4
657 1 2 3 4
658 1 3
659 1 2 3 4
660 1 2 3 4
661 1 2 3 4
662 1 2 3 4
663 2 3 4
664 1 2 3 4
665 1 2 3
666 1 2 3 4
667 1 2 3 4
668 1 2 3 4
669 1 2 3 4
670 1 2 3 4
671 1 2 3 4
672 1 2 3 4
673 1 2 3 4
674 1 2 3 4
675 1 2 3 4
676 1 2 3 4
677 1 2 3 4
678 1 2 3 4
679 1 2 3 4
680 1 2 3 4
681 1 2 3 4
682 1 2
683 1 2 3 4
684 1 2 3 4
685 1 2 3 4
686 1 2 3 4
687 1 2 3 4
688 1 2 3 4
689 1 2 3 4
690 1 3 4
691 1 2 3 4
692 1 2 3 4
693 1 2 3 4
694 2
695 1 2 3 4
696 1 2 4
697 1 2
698 1 3
699 1 2 3 4
700 1 2 3
701 1 2 3 4
702 1 2 3 4
703 1 3
704 1 2 3 4
705 1 2 3 4
706 1 2 3 4
707 1 2
708 1 2 3 4
709 1 2 3 4
710 1 2 4
711 1 2 3
712 1 2 3 4
713 1 4
714 1 2 3 4
715 1 2 3 4
716 1 2 3
717 1 2 3 4
718 1 2 3 4
719 1 2 3 4
720 1 2 3 4
721 1 2 3 4
722 1 2 3
723 1 2 3 4
724 1 2 3 4
725 1 2 3 4
726 1 2 3 4
727 1 2 3 4
728 1 2 3 4
729 1 2 3 4
730 1 2 3 4
731 1 2 3 4
732 1 2 3
733 1 2 3 4
734 1 2 3 4
735 1 2 4
736 1 2 3 4
737 1 2 3 4
738 1 3 4
739 1 2 3 4
740 1 2 3 4
741 1 2 3 4
742 1 2 3 4
743 1 2 3 4
744 1 2 3 4
745 1 2 3 4
746 1 2 3 4
747 1 2 4
748 1 2 3 4
749 1 2 3 4
750 1 2 3 4
751 1 2 3 4
752 1 2 3 4
753 1 2 3 4
754 1 2 3 4
755 1 2 3 4
756 1 2 3 4
757 1 2 3 4
758 1 2 3 4
759 1 2 3 4
760 1 2 3 4
761 1 2 3 4
762 1 2 3 4
763 1 2 3 4
764 1 2 3 4
765 1 2 3 4
766 1 2 3
767 1 2 3 4
768 1 2 3 4
769 1 2 4
770 1 2 3 4
771 1 2 3 4
772 1 2 3 4
773 1 2 3 4
774 1 2 3 4
775 1 2 3 4
776 1 2 3 4
777 1 2 3 4
778 1 2 3 4
779 1 2 3 4
780 1 2 3 4
781 1 2 3 4
782 1 2 3
783 1 2 3 4
784 1 2 3 4
785 1 2 3 4
786 1 2 4
787 1 2 3 4
788 1 2 3 4
789 1 2 3 4
790 1 2 3 4
791 1 2 3 4
792 1 2 3 4
793 1 2 3 4
794 1 2 3 4
795 1 2 3 4
796 1 2 3 4
797 1 2 3 4
798 1 2 3 4
799 1 2 3 4
800 1 2 3 4
801 1 2 3 4
802 1 2 3 4
803 1 2 3 4
804 1 2 3 4
805 1 2 3
806 1 2 3 4
807 1 2 3 4
808 1 2 3 4
809 1 2
810 1 2 3 4
811 1 2 3
812 1 2 3 4
813 1 2 4
814 1 2 3 4
815 1 2 3 4
816 1 2 3 4
817 1 2 3 4
818 1 2 3 4
819 1 2 3 4
820 1 2 3 4
821 1 2 3 4
822 1 2 3 4
823 2 3 4
824 1 2 3 4
825 1 2 3 4
826 1 2 3 4
827 1 2 3 4
828 1 2 3 4
829 1 2 3 4
830 1 2 3 4
831 1 2 3 4
832 1 2 3 4
833 1 2 3 4
834 1 2 3 4
835 1 2 3 4
836 1 2 3 4
837 1 2 3 4
838 3
839 1 2 3 4
840 1 2 3 4
841 1 2 3 4
842 1 2 3 4
843 3
844 1 2 3 4
845 1 2 3 4
846 1 2 3
847 1 2 4
848 1 2 3 4
849 1 2 3 4
850 1 2 3 4
851 1 2 3 4
852 1 2 3 4
853 3 4
854 2 3
855 1 2
856 1 2 3 4
857 1 2 3 4
858 1 2 3 4
859 1 2 3 4
860 1 2 3 4
861 1 2 3 4
862 1 2 3
863 1 2 3 4
864 1 2 3 4
865 1 2 3
866 1 2 3
867 1 2 3 4
868 1 2
869 1 2 3 4
870 1 2 3 4
871 1 2 3 4
872 1 2 3 4
873 1 2 3 4
874 1 2 3 4
875 1 2 3 4
876 1 2 3 4
877 1 2 3 4
878 1 2 3
879 1 2 4
880 2 3 4
881 1 2 3 4
882 1 3
883 2
884 1 2 3 4
885 1 2 3 4
886 1 2 3 4
887 1 2 3 4
888 1 2 3 4
889 1 2 3 4
890 1 3 4
891 1 2 3 4
892 1 2 3
893 1 2 3 4
894 1 2 3 4
895 1 2 3 4
896 1 2 3 4
897 1 2 3 4
898 1 2 3
899 1 2 3 4
900 1 2 3 4
901 1 2 3 4
902 1 2 3 4
903 1 2 3 4
904 1 2 3 4
905 1 2 3 4
906 1 2 3 4
907 1 2 3 4
908 1 2 3 4
909 1 3
910 1 2 3 4
911 1 2 3 4
912 1 2 3 4
913 1 2 3 4
914 1 2 3 4
915 1 2 3 4
916 1 2 3 4
917 1 2 3 4
918 1 2 3 4
919 1 2 3 4
920 1 2 3 4
921 1 2 3 4
922 1 2 3 4
923 1 2 3 4
924 1 2 3 4
925 1 2 3 4
926 1 2 3 4
927 1 2 3 4
928 1 2 3 4
929 1 2 3 4
930 1 2 3 4
931 1 2 3 4
932 1 2 3 4
933 1 2 3 4
934 1 2 3 4
935 1 2 3 4
936 1 2 3 4
937 1 2 3 4
938 1 2 3 4
939 1 2 3 4
940 1 2 3 4
941 1 2 3 4
942 1 2 3 4
943 1 2 4
944 1 2 4
945 1 2 4
946 1 2 3 4
947 1 2 3 4
948 1 2 3 4
949 1 2 3 4
950 1 2 3 4
951 1 2 3 4
952 1 2 3 4
2029 1 2 3 4
2030 1 2
2031 1 2 4
2032 1
2033 1 2 4
2034 1 2 3 4
2035 1 2 3 4
2036 1 2
2037 2 3 4
2038 1 2 3 4
2039 1 2
2040 2 3
2041 1 4
2042 2 4
2043 1 2 3 4
2044 1 2 4
2045 1 2 4
2046 1 2 3 4
2047 2 4
2048 1 2 3 4
2049 1 2 3
2050 1 2 3 4
2051 2 3
2052 1 2 3 4
2053 1 2 3 4
2054 1 2 3 4
2055 1 2 3
2056 2 3
2057 1 2 4
2058 2 3 4
2059 1 2 3 4
2060 1 2 3 4
2061 2 4
2062 1 2 3
2063 1 2 3
2064 1 2 3 4
2065 1 2 3 4
2066 1 2 3 4
2067 1 2 4
2068 1 2 3 4
2069 1 2 3 4
2070 1 2 3
2071 1 3
2072 1 2 3 4
2073 1 2 3 4
2074 1 2 3 4
2075 1 2
2076 1 2 3 4
2077 1 2 3 4
2078 1 2
2079 2
2080 1 2 3 4
2081 1 4
2082 1 2 3 4
2083 1 2 3 4
2084 1 3 4
2085 1 2 3
2086 2 3 4
2087 1 2 3 4
2088 1 2 3 4
2089 1 2 4
2090 1 3 4
2091 1 2 3 4
2092 1 2 3
2093 1 2 3 4
2094 1 2 3 4
2095 1
2096 2
2097 1 2 3 4
2098 1 2 3 4
2099 1 2 3 4
2100 1 2 3 4
2101 2 4
2102 1 2 3 4
2103 1 3
2104 1 2 3 4
2105 1 2 3
2106 1 2 4
2107 1 2 4
2108 1 2 3
2109 1 2 3 4
2110 2
2111 1 2
2112 1 2 3 4
2113 1 2 3 4
2114 1 2 3 4
2115 2
2116 1 2 3 4
2117 1
2118 2
2119 1 2 3 4
2120 1 2 3 4
2121 1 2 3 4
2122 1 2 3 4
2123 1 2 3
2124 1
2125 1
2126 1 4
2127 1 2 4
2128 2 4
2129 1 2 3 4
2130 1 2 3 4
2131 1 2 4
2132 1 2 4
2133 1 2 3 4
2134 1 2 3 4
2135 1 2
2136 1 2
2137 1 2 4
2138 1 2 3 4
2139 1 2 3 4
2140 1 3 4
2141 2 3
2142 1 2 3 4
2143 1 2 3 4
2144 1 2 3
2145 1 2 3 4
2146 1 2
2147 1 2 4
2148 2 3 4
2149 1 2 3
2150 1 2 4
2151 1 3
2152 1 2 3 4
2153 1 2 3 4
2154 1 3 4
2155 1 3
2156 1 2
2157 2 4
2158 2 3 4
2159 1 2 3 4
2160 1 2 4
2161 1 2 3 4
2162 2 4
2163 1 2 4
2164 1 2 3 4
2165 1 2 3 4
2166 1 2 3 4
2167 1 2 3 4
2168 1
2169 1 2 4
2170 1 2 4
2171 1 2 3 4
2172 1 2 3 4
2173 1 2 3 4
2174 1 2 3 4
2175 1 2 3 4
2176 1
2177 1 2
2178 1 2 4
2179 1 2 3 4
2180 1 2 3
2181 1 2 3 4
2182 1 2 3 4
2183 1 2 3 4
2184 1 2 3 4
2185 2 3
2186 1 2 3 4
2187 1 2
2188 1 2 3 4
2189 1 2 3
2190 1 2 3 4
2191 1 2 3 4
2192 1 2
2193 1 2 3
2194 1 2 3
2195 1 2 4
2196 1 2 4
2197 1 2 3 4
2198 1 2 4
2199 1 2 3 4
2200 1 2 3
2201 1 4
2202 1 2 3 4
2203 1 2 3 4
2204 1 2 3 4
2205 1 2 3 4
2206 1 2 3 4
2207 1 2 3 4
2208 1 2 3 4
2209 1 2 3 4
2210 1 3
2211 1
2212 1 4
2213 1 2 3 4
2214 1 2 3
2215 1 2 3 4
2216 1 3
2217 1 2 3
2218 1 2 3 4
2219 1 2 3 4
2220 1 2 3 4
2221 1 2
2222 1 2 3
2223 1 2 3 4
2224 1
2225 1 2 3
2226 1 2 3
2227 1 2 4
2228 1 2 3
2229 1 2 3 4
2230 2 4
2231 1 2 3 4
2232 1 3 4
2233 1 2 3
2234 1 2 3
2235 1 2 3
2236 1 2 3 4
2237 1 2 3 4
2238 1 2 3
2239 1 2 3 4
2240 1 2 4
2241 1 2 3
2242 1 2 3 4
2243 1 2 3 4
2244 1 2 3 4
2245 2
2246 1
2247 1 2
2248 1 2 3 4
2249 1 3
2250 1 3
2251 1 2 3 4
2252 2 3 4
2253 1 2 3
2254 1 3
2255 1
2256 1 2 3 4
2257 1 2 3 4
2258 1 2
2259 1 2 3 4
2260 1 2
2261 1 2 3 4
2262 1 2 3 4
2263 1 2 3
2264 2 3
2265 1
2266 1 2 3 4
2267 1 2 3 4
2268 1 2 3
2269 1 3 4
2270 1 2 3
2271 2 3
2272 1 2 4
2273 1 2
2274 1 2 3 4
2275 1 2 3 4
2276 1 2 3
2277 1 2
2278 1 2 4
2279 1 4
2280 1 2 3 4
2281 1 2 3 4
2282 1 2 3 4
2283 1 2 4
2284 1 2 3 4
2285 1 2 4
2286 1 2 3 4
2287 2
2288 1 2 3 4
2289 1 2 3
2290 1 2 4
2291 1 2 3
2292 1 2 3 4
2293 1 2 3 4
2294 1 2 3 4
2295 1 2 3 4
2296 1 2
2297 2 4
2298 1 2 3
2299 1 2 3 4
2300 1 2
2301 1 2 3 4
2302 1 2 3
2303 1 2 3 4
2304 1 2 3 4
2305 2
2306 1 2 4
2307 1 2 3 4
2308 1 2 3 4
2309 1 2 3 4
2310 1 2 3 4
2311 1
2312 1 2 4
2313 1 2 3 4
2314 1 2 3
2315 1 2 3
2316 1 3 4
2317 2 3 4
2318 2 3 4
2319 1 2
2320 1
2321 1 2 3 4
2322 1 2 3 4
2323 1 3
2324 2 4
2325 1 2 4
2326 1 2 3 4
2327 1 2 3
2328 1 2 4
2329 1 2 3 4
2330 1 2 3 4
2331 1 2 3 4
2332 1 2 3 4
2333 1 2 3
2334 2
2335 1 2 3 4
2336 1
2337 1 2 4
2338 2
2339 1 2 3 4
2340 1 2 3 4
2341 1 2 3 4
2342 1 2 3 4
2343 1 3
2344 1 2 3 4
2345 1 2 4
2346 1 2 3 4
2347 2
2348 1 2 3 4
2349 1 2 3
2350 1 2 3 4
2351 1 2 3 4
2352 1 2 3 4
2353 1 2 3 4
2354 1
2355 2 3 4
2356 1 2 3 4
2357 1 2 3
2358 1 4
2359 1 2 3 4
2360 1 2 3
2361 1 2 3 4
2362 1 2
2363 1 2 3 4
2364 1 2 3 4
2365 2 4
2366 1 2 4
2367 1 2 3 4
2368 1 3 4
2369 2 4
2370 1 2 3 4
2371 1 2 4
2372 1 2 3 4
2373 1 2 3 4
2374 1 2 3 4
2375 2
2376 1 3
2377 1 2
2378 1 2 4
2379 1 2 3 4
2380 2
2381 4
2382 1 3 4
2383 1 2 3 4
2384 2 3
2385 1 2 3 4
2386 1 4
2387 2
2388 1 2 3 4
2389 1 3
2390 1 2 3 4
2391 1 2 3
2392 1 2 3 4
2393 1 2 3 4
2394 1 2 3 4
2395 1 2 3 4
2396 1 2
2397 1 2 3 4
2398 2 4
2399 1 2 4
2400 1 2 3 4
2401 1
2402 4
2403 2
2404 1 2 3
2405 2 3
2406 1 3 4
2407 2 3
2408 4
2409 1 2
2410 1 2 4
2411 2
2412 1 2 4
2413 1 2 3 4
2414 2 3 4
2415 1 2 4
2416 1 2
2417 1
2418 1 2 3 4
2419 1 2 4
2420 1 2 3
2421 1 2 3 4
2422 1 2 3
2423 1 2 3
2424 1 4
2425 1 2 3 4
2426 1
2427 1 2 3
2428 1 2 3 4
2429 1 2 3
2430 1 2 3 4
2431 1 2 3 4
2432 3
2433 1 2 3 4
2434 1 2 3 4
2435 1 2 4
2436 1 2 3 4
2437 2 3 4
2438 1 2 3
2439 1
2440 1 2 3 4
2441 1 2 3 4
2442 2
2443 2 3
2444 1 2 3 4
2445 1 2 3
2446 2
2447 3
2448 1 2
2449 1 2
2450 1
2451 2 4
2452 2 3 4
2453 1 2 3 4
2454 1 2 3
2455 1 2 3 4
2456 1 2
2457 1 2
2458 2
2459 1
2460 1 2 3 4
2461 1 4
2462 1 2
2463 1 2 3
2464 2
2465 1
2466 2
2467 1 2 3
2468 1 3 4
2469 1 2 3 4
2470 1 2 4
2471 1 2
2472 2 4
2473 2 4
2474 1 2 3 4
2475 1 2 4
2476 1 2 3 4
2477 1 2 3 4
2478 1
2479 1 4
2480 2
2481 1 2 3
2482 1 2 3 4
2483 2 3
2484 1 3
2485 1 2
2486 1 2 3 4
2487 1 2 4
2488 2
2489 2 3
2490 1
2491 2 3 4
2492 1 2 3 4
2493 1 3 4
2494 1 3 4
2495 1 2 4
2496 1 2 3 4
2497 1 2
2498 3
2499 1 2 3 4
2500 1 2 3 4
2501 1 2 3
2502 2 3 4
2503 1 2 3 4
2504 1
2505 1 2 4
2506 1
2507 1 2 3
2508 1 2 3 4
2509 1 2
2510 1 2 3
2511 1 2 3 4
2512 1 2 4
2513 3 4
2514 1 2 3 4
2515 2 3
2516 2 3
2517 1
2518 1 2 3
2519 1 2 3 4
2520 1 2 3 4
2521 1 2 3 4
2522 1 3
2523 1
2524 1 2 3 4
2525 1 3 4
2526 1 2 3
2527 1 3
2528 1 2 4
2529 2 4
2530 1 2 3 4
2531 1 2 3 4
2532 1 2 3 4
2533 1 2 3 4
2534 1 2 3
2535 1 2 4
2536 2 3 4
2537 1 2 3 4
2538 1 2 4
2539 1 2 3 4
2540 1 2 3 4
2541 1 2 3
2542 1 2 3 4
2543 1 2 3 4
2544 1 2 3
2545 2
2546 1 2
2547 2 4
2548 1 2 3 4
2549 1 2 3
2550 1 2 3
2551 1 2 3 4
2552 1 2 3 4
2553 1 2 3
2554 1 2 3
2555 1 2 3 4
2556 1 2
2557 1 2 3
2558 1 2 3 4
2559 1 3 4
2560 1 2 3 4
2561 1 2 3 4
2562 1 2 3 4
2563 1 2 3 4
2564 2
2565 1
2566 1 2 3
2567 1 3
2568 1 3 4
2569 1 3
2570 1 2 3 4
2571 1 3 4
2572 1 4
2573 1 2 3 4
2574 1 2 3 4
2575 1
2576 1 2
2577 1 2 4
2578 1 2 3
2579 1 2 4
2580 1 2 3 4
2581 1 3
2582 4
2583 1 2 3 4
2584 1 2
2585 1 2 3 4
2586 1 2 3 4
2587 1 3
2588 3
2589 1 3
2590 2 3
2591 1 2 3
2592 1
2593 1
2594 1 2 3
2595 1 2 3
2596 1 2 3
2597 1 2 3
2598 2
2599 2 3 4
2600 1
2601 1 4
2602 1 2 3
2603 1 2 3
2604 1 2
2605 1 4
2606 1 2 4
2607 1 2 3 4
2608 1 2 3 4
2609 1 4
2610 2 4
2611 1
2612 1 2 3 4
2613 1 2 3 4
2614 1
2615 1 2
2616 2
2617 2
2618 1 3
2619 2 3
2620 1 2 3
2621 1 2 4
2622 1 2
2623 1 2 4
2624 1 2 3 4
2625 1 3
2626 1 2 3 4
2627 1 3
2628 1 2 3
2629 1
2630 2
2631 2 3
2632 1 2 4
2633 1 2 3 4
2634 1 2 3
2635 1 2 3 4
2636 1 2 3
2637 1 2 3
2638 1 3
2639 1 3 4
2640 2 3 4
2641 1 2 4
2642 1 2 3
2643 1 2 3 4
2644 1 2 4
2645 2
2646 4
2647 1 2 4
2648 3
2649 2 3
2650 1 2 3 4
2651 1 2 4
2652 2 4
2653 1 2 4
2654 1
2655 1 2 3 4
2656 1 2
2657 1 3
2658 1 2 3 4
2659 1 3
2660 1 2 3 4
2661 1 2
2662 1 3 4
2663 1
2664 1 2 3
2665 4
2666 1 2 3
2667 1
2668 1 2 4
2669 1 3
2670 1 2 3 4
2671 1 2 3
2672 1 2
2673 1 2 3 4
2674 2 4
2675 1 2 4
2676 1 2 3 4
2677 1
2678 1 2 3 4
2679 2
2680 2
2681 2 4
2682 1 2 3
2683 1 2 3
2684 1 2 3 4
2685 1 4
2686 2
2687 1 2 3 4
2688 1
2689 1 2 4
2690 2
2691 1 2 3
2692 2 4
2693 1 2 3 4
2694 1
2695 2 4
2696 1 2 3 4
2697 1 2
2698 1 2
2699 1 2 4
2700 1 2 4
2701 1 2 3 4
2702 1 2 3 4
2703 1 2 4
2704 1
2705 1 2 3 4
2706 1 3
2707 2 3
2708 1 2 4
2709 2 3
2710 2 3
2711 1 2 3
2712 1 2 3 4
2713 1 2 3
2714 1 2
2715 1 2 4
2716 1 2 3 4
2717 1 2 3
2718 1
2719 1 2
2720 1 2 3 4
2721 1 2 3
2722 1 2 3 4
2723 1 3
2724 1 2
2725 2 4
2726 1 2 3 4
2727 1 2 3 4
2728 1 2 3 4
2729 1 3
2730 1 2
2731 1 2 3 4
2732 1 2 3 4
2733 1 2 3
2734 1 2 3 4
2735 1 2
2736 1 2 3
2737 2
2738 1 2 3 4
2739 1 2 3 4
2740 1 2 3 4
2741 1 2 3
2742 1 2 3 4
2743 1 3
2744 1 2 4
2745 1 2 3 4
2746 1 3 4
2747 1
2748 2
2749 1 2 4
2750 1 2 4
2751 1
2752 4
2753 2 3 4
2754 1 2 3 4
2755 1 2 4
2756 3
2757 2
2758 3
2759 1 2 4
2760 1 2 4
2761 1 2 4
2762 1 2
2763 1
2764 1 2 3 4
2765 1 2 3 4
2766 1 2
2767 1 2 3 4
2768 1
2769 1 2 3 4
2770 2 4
2771 1 2 3 4
2772 1 3
2773 1 2 3 4
2774 3
2775 1
2776 1 2 3
2777 1 2 3
2778 1 2 3 4
2779 1 2 3 4
2780 2
2781 2 3
2782 1 2 3
2783 1 3
2784 3 4
2785 1 3 4
2786 1 2 3 4
2787 1
2788 2
2789 2
2790 1 4
2791 1 2 4
2792 1 2 4
2793 1 2 4
2794 2 4
2795 1 2 4
2796 4
2797 1 3
2798 1 2 3 4
2799 1 2 3
2800 2 3
2801 1 2 3 4
2802 1 3
2803 1 2
2804 1 2 3 4
2805 1 2 4
2806 1 2
2807 1 2 3 4
2808 1 2 4
2809 1 2 3
2810 1 2 4
2811 1 3
2812 1 2 3 4
2813 2
2814 1 3 4
2815 1 2
2816 1 2 3 4
2817 1 3
2818 1 4
2819 1 2
2820 2 4
2821 1 2 3
2822 1 2
2823 1 4
2824 2 3
2825 1 2 3 4
2826 2 3 4
2827 2 3
2828 1
2829 1 3 4
2830 1 2 3 4
2831 3
2832 1
2833 2 4
2834 2 4
2835 1 2 3 4
2836 2 4
2837 1 2 4
2838 1 2
2839 1
2840 1 3
2841 1 3
2842 1 2 3
2843 1 2 3
2844 1 2 4
2845 1 3
2846 1 2 3
2847 1
2848 1 2
2849 1 3
2850 1 2 3
2851 1 2
2852 2 4
2853 1 2 3 4
2854 1 2 3
2855 2 3
2856 1 4
2857 1 2 3 4
2858 2 3 4
2859 2 3
2860 2 3 4
2861 1 2 3 4
2862 1 3
2863 2
2864 1 2 4
2865 1 2
2866 1 2 3 4
2867 1 3
2868 1 2
2869 1 2 3 4
2870 1 2 3 4
2871 1 2
2872 1
2873 1 3 4
2874 1 2
2875 1
2876 1 2 3
2877 1 2 3
2878 1
2879 1
2880 1 2 3 4
2881 1 2 3
2882 1 2 3
2883 2 3
2884 2 4
2885 1
2886 2
2887 1 2 3
2888 1 3 4
2889 1 3
2890 1
2891 1 2 3 4
2892 3
2893 3
2894 2 4
2895 1 2 4
2896 1 3
2897 2 3 4
2898 1 2 4
2899 1 2 3 4
2900 1 2 3 4
2901 1 3
2902 1 2 3 4
2903 2 3 4
2904 1 2 3 4
2905 2
2906 1 3
2907 1 2 3 4
2908 1 2 3 4
2909 1 2 3 4
2910 1 2 3
2911 2 3
2912 2 4
2913 2 3
2914 1
2915 1 2 3
2916 1 4
2917 1 2 4
2918 1 2 3 4
2919 1 2 3 4
2920 1 2 4
2921 1 3
2922 3
2923 1 2 3 4
2924 1 2 3 4
2925 1 2
2926 1 2 3 4
2927 2 4
2928 1 2 3
2929 1 2 4
2930 1
2931 2 3 4
2932 1 2 3 4
2933 1
2934 1 2 3
2935 1 2 3
2936 1 2
2937 1
2938 2
2939 2
2940 1 2 3 4
2941 2 4
2942 2
2943 1 2
2944 2
2945 1 2 3 4
2946 1 2 3 4
2947 3
2948 2
2949 1 2
2950 1 2 4
2951 1 2 3 4
2952 1
2953 1 3
2954 1 2 4
2955 1 2 3 4
2956 1 2 3
2957 1 2
2958 3
2959 1 2 3 4
2960 1 2 3 4
2961 1 4
2962 2 3 4
2963 2 4
2964 2 3 4
2965 1 2 3 4
2966 1 3
2967 2
2968 1 2 3 4
2969 1 2 3 4
2970 1 2 3 4
2971 1 2
2972 1
2973 1 3 4
2974 1 2 3 4
2975 1 2 3 4
2976 2 4
2977 2 3 4
2978 2 4
2979 3
2980 1 2 3 4
2981 1 3
2982 1 2 4
2983 1 2 4
2984 1 2 4
2985 1 2
2986 1 2 3 4
2987 1 2 3
2988 1 2 4
2989 1
2990 4
2991 2 3
2992 1 2 3 4
2993 1 2 3
2994 1 2 3
2995 1 3
2996 1 3
2997 1 2 3 4
2998 1 2 3
2999 1 2 3 4
3000 1 2 3 4
3001 1 2 3 4
3002 1 2
3003 4
3004 1 2
3005 1 2
3006 1 2 3
3007 1 4
3008 1 2 3 4
3009 2 4
3010 2
3011 1 2 4
3012 1 2 4
3013 1 2 4
3014 4
3015 1 2 4
3016 1 2 4
3017 1 2 3 4
3018 1 2 4
3019 1 2 4
3020 3 4
3021 1 2 3 4
3022 1 3 4
3023 1 2 3 4
3024 1
3025 1 2 4
3026 1 3 4
3027 1 3 4
3028 1 4
3029 2
3030 1 2 3 4
3031 1 2 3 4
3032 3
3033 1 3
3034 1 4
3035 1 2 3
3036 2 3
3037 1 2 3
3038 1 2
3039 1 3
3040 1
3041 1 2 3 4
3042 1 2 3
3043 1 2 3
3044 2
3045 1 2 3 4
3046 1 2 3 4
3047 1
3048 2 4
3049 1 2 3 4
3050 1 2 4
3051 1
3052 1 2 3
3053 1 2 3 4
3054 2 3 4
3055 1 2 3
3056 1 2 3 4
3057 1 2 3 4
3058 2
3059 1 2
3060 1
3061 2 3
3062 2 3 4
3063 4
3064 1 2 4
3065 2 3
3066 1
3067 2
3068 2 3
3069 1 2 3 4
3070 1 4
3071 4
3072 1 2 4
3073 3
3074 1 2 4
3075 1 4
3076 1 2 4
3077 2 4
3078 1 2
3079 1 3 4
3080 1 2 3 4
3081 1 3 4
3082 3
3083 2
3084 2
3085 2
3086 3
3087 1 3
3088 1 2 3 4
3089 1 2 4
3090 1 2 3
3091 1 3
3092 1 2 4
3093 1 2 3 4
3094 1 2 3
3095 1 2 3
3096 2
3097 3
3098 1 2 4
3099 1 2 4
3100 4
3101 1 4
3102 4
3103 1 2 3 4
3104 1 2 4
3105 1 2 3
3106 1 2 3 4
3107 1
3108 2
3109 1 3
3110 1 2 4
3111 1 3 4
3112 1 2 3 4
3113 1 2 4
3114 1
3115 2 4
3116 3
3117 1 3
3118 1 2 4
3119 1 2
3120 1 2 3 4
3121 1
3122 1 2 3 4
3123 1 4
3124 1 2
3125 1 2
3126 1 2
3127 1 3
3128 1 2 3
3129 1 2 3
3130 1
3131 2 3
3132 1
3133 1 2 3 4
3134 1 2 3
3135 1 2 3
3136 1 2 3 4
3137 1 2 4
3138 3
3139 2
3140 2
3141 1 2 3
3142 1 2 3
3143 2 3
3144 1 2 3 4
3145 1 2 3
3146 1 2
3147 2 3
3148 1 2 3 4
3149 2 4
3150 1 2 3
3151 2 4
3152 1
3153 2
3154 1 2 3 4
3155 1 2
3156 1 3
3157 1 2 4
3158 1 2 3
3159 1 2 3 4
3160 1 4
3161 2
3162 1 3
3163 1
3164 1 3
3165 1 2 3
3166 1 2 3
3167 1 3
3168 3
3169 1 3
3170 3
3171 1 2 4
3172 2 3
3173 1 2
3174 1 2 4
3175 2 3 4
3176 1
3177 2
3178 1 4
3179 1 2 3 4
3180 1 2 3 4
3181 1
3182 1 2 4
3183 4
3184 1
3185 1 2 4
3186 1 3
3187 2 4
3188 1 4
3189 1 2 3 4
3190 2 3 4
3191 1
3192 1 2 3 4
3193 1
3194 1 2 3
3195 1 3 4
3196 2
3197 4
3198 1
3199 2 3 4
3200 2
3201 1 3
3202 2
3203 1 2 3
3204 1 2 3 4
3205 1 4
3206 2 4
3207 1
3208 1
3209 1 2 3 4
3210 1 2 4
3211 1 2
3212 2
3213 1 3
3214 3
3215 1 2 4
3216 1
3217 2
3218 1 2 3
3219 1 3 4
3220 1 2 3 4
3221 1 2 4
3222 1 4
3223 2 3 4
3224 1 3
3225 2 3 4
3226 1 3
3227 2 3
3228 1 3 4
3229 1 2 3 4
3230 1 2 3 4
3231 2
3232 2
3233 2
3234 2 3
3235 2 4
3236 1 2 3
3237 2 3 4
3238 2 3 4
3239 1 3
3240 2
3241 1 2 4
3242 1 2 3
3243 2
3244 1 2 3 4
3245 1 2 3 4
3246 2
3247 2 4
3248 1 2 3 4
3249 1 2
3250 2 3
3251 1 2 4
3252 2
3253 1
3254 2
3255 2 3 4
3256 1
3257 1 2 4
3258 1
3259 1 2 3
3260 1 2 3 4
3261 1 2 3
3262 4
3263 2
3264 2 3
3265 1
3266 4
3267 1 2 3 4
3268 3
3269 1 2 3 4
3270 3
3271 1 2
3272 1 2 3
3273 1 3
3274 3
3275 2 3
3276 1 3
3277 1 3
3278 1 3
3279 1 2 3 4
3280 1 2 3 4
3281 1
3282 1 2
3283 1 2 3
3284 1 4
3285 2 3 4
3286 1 2 3
3287 1
3288 2 4
3289 1 3
3290 2
3291 1 3
3292 1 2
3293 1 3 4
3294 1 2
3295 1 2 3 4
3296 1
3297 1 2 3 4
3298 1 2 4
3299 2
3300 1
3301 1
3302 3 4
3303 1 3
3304 1 2 4
3305 2 3
3306 1 2 3
3307 3
3308 1
3309 1 2 4
3310 2
3311 1 3 4
3312 3
3313 2 3
3314 2 3
3315 1 2 3 4
3316 1 2 4
3317 1 2
3318 1 3
3319 1 2
3320 1 2 4
3321 1 3
3322 2 4
3323 1 2 3
3324 3
3325 2 4
3326 1
3327 1 2
3328 1 3
3329 1 2 4
3330 2
3331 4
3332 1 2 3
3333 2
3334 2 3
3335 1 4
3336 4
3337 2 3
3338 1
3339 2
3340 3
3341 1 2
3342 1 2 4
3343 1 2 4
3344 1 3
3345 2 3
3346 2 4
3347 1 2 3
3348 2
3349 1 2
3350 1 2 4
3351 3 4
3352 1 2
3353 2 3 4
3354 2 3
3355 1
3356 1 2 3
3357 1 4
3358 1 2 3 4
3359 2 4
3360 1 2 4
3361 1 2
3362 2
3363 1 3 4
3364 1
3365 2 4
3366 2 3 4
3367 1 2 3
3368 1 3
3369 1
3370 1 2 3 4
3371 1 2 3 4
3372 2
3373 3
3374 3
3375 1
3376 1 4
3377 1 2 3 4
3378 1 2
3379 1 2 4
3380 1
3381 1 2 4
3382 1 2 3
3383 1 3 4
3384 1 2
3385 1 3
3386 1 2 3 4
3387 4
3388 1 3
3389 2 3
3390 1 2 4
3391 1 2 3 4
3392 1 2 4
3393 1
3394 1
3395 1 4
3396 2 4
3397 1 4
3398 1 2
3399 1 2 3 4
3400 1 2 3
3401 1
3402 1 3
3403 1
3404 1 2 3
3405 2 3
3406 1 4
3407 1 3 4
3408 1 3
3409 1 3
3410 1 3
3411 1 3
3412 2
3413 1
3414 1 2 3 4
3415 4
3416 1 2 3 4
3417 2 3 4
3418 1 2 3 4
3419 1 2 4
3420 1 3
3421 2 3
3422 1 2 3 4
3423 1 2 3 4
3424 1 3
3425 2 3 4
3426 1 2 3 4
3427 1 2
3428 1 2 3 4
3429 1 2 3
3430 1
3431 2
3432 2 4
3433 1 2 3
3434 1
3435 1 2 4
3436 1 2
3437 2
3438 1 2 4
3439 1 2 3
3440 1 2
3441 3
3442 1 3 4
3443 1
3444 1 2 4
3445 1 3
3446 1 2 4
3447 1 2 4
3448 1 3
3449 2 3 4
3450 1 3
3451 1 2 3 4
3452 2 4
3453 1 2 3
3454 1 2
3455 2 4
3456 2 4
3457 2 3
3458 1 3 4
3459 3
3460 1 2 3
3461 2
3462 1
3463 2 3
3464 3
3465 1 2
3466 1 2
3467 1 3
3468 1 2
3469 1 2 3 4
3470 2
3471 3 4
3472 1 2 3
3473 1 3
3474 1
3475 1
3476 1 2
3477 2 4
3478 1 2 3
3479 1 3
3480 1 3 4
3481 1
3482 2 4
3483 1 2 4
3484 2
3485 1 2 4
3486 4
3487 2 3
3488 1 3
3489 2
3490 2
3491 1 2 4
3492 1 2
3493 1 2 4
3494 1 2 3 4
3495 1 2 3
3496 1
3497 2 3 4
3498 1 4
3499 2 3
3500 1 2 3
3501 1 3 4
3502 1 2 3
3503 1 3
3504 1 2
3505 3
3506 3
3507 2 3
3508 1
3509 1 2 3
3510 1 2 3
3511 1
3512 2
3513 1
3514 4
3515 1 2 3
3516 2 4
3517 1
3518 1 4
3519 1 2 3
3520 1 2
3521 1 2 4
3522 2
3523 1 2
3524 2
3525 1 2
3526 1 2 4
3527 1
3528 1
3529 1 2 4
3530 3 4
3531 2
3532 3
3533 2
3534 1 2
3535 1
3536 3
3537 1
3538 2
3539 1 2 3 4
3540 1 2
3541 1 2 3
3542 3
3543 1
3544 1 2 3 4
3545 1 3
3546 1 2 3
3547 2
3548 1
3549 1
3550 1
3551 1
3552 1 4
3553 1 2 3
3554 1
3555 1 2 4
3556 1
3557 1 3
3558 2 4
3559 1 2 4
3560 2 3
3561 2 3
3562 1 3 4
3563 1
3564 1 2
3565 1 2 3
3566 1 2 3 4
3567 1 2 3 4
3568 2 3
3569 2 4
3570 1 2
3571 2 3 4
3572 2
3573 2
3574 1
3575 1 3 4
3576 1
3577 3
3578 1 2
3579 4
3580 1
3581 3
3582 1 2
3583 3
3584 1 2 3 4
3585 1 4
3586 1
3587 2
3588 2
3589 3
3590 2
3591 1
3592 3
3593 2
3594 1 2 3 4
3595 1 2 3 4
3596 2
3597 1 2 3 4
3598 1
3599 2 4
3600 3
3601 1
3602 1 2 4
3603 2 4
3604 2
3605 1 2
3606 1
3607 1 3
3608 1 2 3
3609 1 2
3610 3
3611 1 2
3612 1 3
3613 1 2 4
3614 3
3615 1 2 3 4
3616 4
3617 2 4
3618 3
3619 1 4
3620 1 4
3621 2
3622 1 2
3623 1 2 4
3624 2
3625 1 2 3 4
3626 1 2 3
3627 1
3628 1 2 4
3629 1 4
3630 1 3
3631 1 2 4
3632 1 2 3
3633 1 2
3634 1
3635 1 2
3636 2
3637 4
3638 2 3
3639 1 2
3640 1
3641 2 3 4
3642 1
3643 1 3
3644 1 2
3645 2
3646 4
3647 1
3648 1
3649 2
3650 1
3651 2
3652 1
3653 2
3654 1 4
3655 1 2 4
3656 1 2 3 4
3657 2 3 4
3658 1 2 3 4
3659 2
3660 1
3661 1
3662 1
3663 1
3664 1 4
3665 1 2 3
3666 1
3667 1 4
3668 4
3669 1
3670 2 3 4
3671 1
3672 3
3673 1 3
3674 1 2
3675 2
3676 2
3677 2 3 4
3678 1 2
3679 1
3680 2 3 4
3681 2
3682 1
3683 1
3684 2
3685 1
3686 1
3687 2 3
3688 2 3 4
3689 2 3
3690 2 3
3691 2 3
3692 1 2
3693 1 2
3694 3
3695 1 3 4
3696 3
3697 1 3
3698 1
3699 1 3
3700 1 3
3701 2
3702 1
3703 1 2
3704 1 2 3 4
3705 1 3
3706 1
3707 2
3708 2
3709 2
3710 3
3711 1 2
3712 1 2
3713 1 3
3714 2
3715 2
3716 1 4
3717 1 2
3718 2
3719 1 2 4
3720 1
3721 1
3722 2
3723 1 3
3724 1 4
3725 1 2
3726 1 4
3727 1 3
3728 1
3729 1 2 4
3730 1 2 4
3731 2 3
3732 3
3733 1
3734 4
3735 1 2 3
3736 1
3737 3
3738 3
3739 1
3740 4
3741 1
3742 1
3743 1 4
3744 1 3
3745 2
3746 2
3747 1
3748 1 3
3749 2 4
3750 1 3
3751 1
3752 3
3753 1 2 3 4
3754 4
3755 4
3756 1 3
3757 2
3758 1 3
3759 2
3760 1 2 3
3761 1 3
3762 3
3763 2
3764 1
3765 1
3766 2
3767 1
3768 2
3769 1 4
3770 2
3771 1 2
3772 2
3773 1 3
3774 1
3775 2
3776 1 2
3777 1
3778 1 2 3
3779 1 4
3780 1
3781 1 4
3782 4
3783 1 4
3784 1
3785 1 2
3786 1 2 4
3787 2
3788 2 3
3789 1 2
3790 2 3
3791 3
3792 1
3793 1 2
3794 2
3795 3 4
3796 1
3797 1 2 4
3798 1
3799 2
3800 1 2 3
3801 1
3802 2
3803 1 2
3804 1 2
3805 4
3806 1
3807 1 2 3 4
3808 1 2
3809 3
3810 1 2 4
3811 1
3812 2
3813 2 4
3814 1
3815 2
3816 2 3
3817 2 3 4
3818 2
3819 1 2
3820 4
3821 2
3822 1 2
3823 1
3824 3
3825 1 2
3826 2
3827 1 2
3828 4
3829 1 2 4
3830 1 2
3831 2
3832 1
3833 4
3834 1 3
3835 2
3836 1 2
3837 1 2 3
3838 2
3839 1 4
3840 1 3 4
3841 1 2 3
3842 1 2 3
3843 3
3844 2
3845 1 2
3846 1
3847 1 2 3
3848 1 2
3849 1 2
3850 1 3
3851 1 2
3852 1
3853 1 3
3854 1 2 4
3855 2
3856 4
3857 1 2
3858 1
3859 3
3860 1
3861 2 4
3862 1 3
3863 1
3864 2
3865 1
3866 2
3867 3
3868 2 3
3869 2 3
3870 2
3871 1 2 3
3872 1 3 4
3873 1
3874 2
3875 1
3876 1 2
3877 2
3878 1
3879 2
3880 2 3
3881 1 2
3882 1 3
3883 2 3 4
3884 2 4
3885 1 4
3886 1 2 4
3887 2
3888 1
3889 4
3890 2
3891 4
3892 2
3893 1
3894 1
3895 1
3896 1
3897 1 2
3898 1 2 3
3899 4
3900 1
3901 1 2 3
3902 2 3
3903 2 3
3904 1
3905 1 2 4
3906 4
3907 1
3908 2 4
3909 1
3910 1 2 3 4
3911 1
3912 2 3 4
3913 1 3 4
3914 4
3915 2
3916 1
3917 1 2 3
3918 3
3919 2
3920 1 4
3921 2
3922 1 3 4
3923 2
3924 1
3925 2
3926 1 3
3927 1
3928 1
3929 1
3930 3
3931 1 3
3932 1 2 3
3933 1
3934 2
3935 1 2 3
3936 1 3 4
3937 3
3938 1
3939 2
3940 1 4
3941 1 2 3 4
3942 1
3943 2 4
3944 1
3945 1
3946 1 2 4
3947 1 3
3948 1 2
3949 1 2
3950 1
3951 2
3952 3
3953 2 3
3954 2
3955 2
3956 2
3957 3
3958 2
3959 1 2
3960 1 2 3
3961 1 3
3962 1
3963 1
3964 1 2
3965 1 4
3966 2
3967 1 3
3968 1 2
3969 1
3970 2
3971 1
3972 1
3973 2
3974 4
3975 1 2
3976 3 4
3977 1
3978 1 2 3
3979 1 4
3980 3
3981 1
3982 1
3983 1 2 3
3984 1 2
3985 1 2 3
3986 1
3987 1
3988 2 4
3989 2
3990 2
3991 1 3
3992 1 3
3993 2
3994 3
3995 3
3996 2 4
3997 1
3998 1 2
3999 4
4000 3
4001 1 2 3
4002 3 4
4003 3
4004 1
4005 2
4006 1 4
4007 1 2 4
4008 3
4009 1
4010 2
4011 2
4012 1 2
4013 1 2
4014 2 4
4015 3
4016 1
4017 2 3
4018 3
4019 1
4020 2
4021 1 2 4
4022 2 4
4023 2 4
4024 2 4
4025 2 4
4026 4
4027 2 4
4028 2 4
4029 2 4
4030 2 4
4031 1 2
4032 2 4
4033 1 2 4
4034 1 2
4035 2
4036 2
4037 2 3
4038 1 3
4039 1 2
4040 1 2
4041 1
4042 1 2
4043 1
4044 1
4045 1
4046 2 4
4047 2
4048 1 4
4049 1
4050 1
4051 1
4052 2
4053 1 2 3
4054 1 2
4055 4
4056 2
4057 2 4
4058 2
4059 1 2 4
4060 2
4061 1 3
4062 2
4063 2
4064 1 3
4065 1 2 3
4066 2
4067 3
4068 1
4069 1 3 4
4070 1
4071 1
4072 1
4073 3 4
4074 1
4075 1 2 3
4076 2 4
4077 2
4078 2
4079 1
4080 4
4081 1 2 3
4082 1
4083 1 4
4084 1 2
4085 1 2 3
4086 1 2 4
4087 2
4088 2
4089 1
4090 1 2 4
4091 2
4092 2 3
4093 2 3
4094 1
4095 1 2
4096 4
4097 1
4098 3
4099 1
4100 2
4101 2
4102 3 4
4103 2 3
4104 1 3
4105 1
4106 1
4107 1 2 4
4108 1
4109 2
4110 1 2 3
4111 2
4112 2
4113 4
4114 1
4115 1
4116 4
4117 1 2 3
4118 1
4119 1
4120 1
4121 1 2
4122 3 4
4123 1
4124 1
4125 2
4126 2
4127 1 3
4128 1
4129 2 4
4130 2
4131 1 3
4132 2 4
4133 1 2
4134 1
4135 1 2
4136 4
4137 3 4
4138 1 3
4139 3
4140 3
4141 1 3
4142 1
4143 1
4144 1
4145 1 2 3
4146 1 2 3
4147 2
4148 2 3 4
4149 1
4150 4
4151 2
4152 1
4153 3
4154 3
4155 1 2 3
4156 1 2
4157 2
4158 2
4159 2
4160 1
4161 1
4162 1
4163 2 4
4164 2 3
4165 3
4166 1
4167 2
4168 1 4
4169 1
4170 3
4171 1 2 3
4172 1 3
4173 1 2 3 4
4174 1
4175 1 3
4176 1
4177 4
4178 2
4179 1
4180 2
4181 1
4182 2 3
4183 2 3
4184 1
4185 2 4
4186 2
4187 1 2
4188 4
4189 1 3
4190 3
4191 1 3
4192 1 2 4
4193 2 3
4194 3
4195 1 2 3
4196 1 4
4197 1 2 3 4
4198 1
4199 1 2 4
4200 1
4201 2
4202 4
4203 2
4204 1 3
4205 1
4206 3
4207 1
4208 2
4209 3
4210 1
4211 1 4
4212 2 3
4213 1
4214 1
4215 1 2 3
4216 2
4217 2
4218 2 4
4219 1 2 4
4220 2
4221 2
4222 2 4
4223 1
4224 1
4225 2 3
4226 2 3
4227 2
4228 1
4229 2
4230 1
4231 3
4232 2
4233 2
4234 2
4235 1 2 4
4236 1 2
4237 1 3
4238 1
4239 1
4240 2
4241 1
4242 1
4243 1
4244 2
4245 2
4246 1
4247 2
4248 2 3
4249 3
4250 3
4251 2 4
4252 3
4253 2 3 4
4254 1
4255 1 2
4256 1
4257 2
4258 1 3
4259 2 4
4260 1
4261 2
4262 1
4263 3
4264 2
4265 1
4266 4
4267 2 4
4268 3
4269 1 2
4270 1 2 3
4271 1
4272 1
4273 1
4274 2 3
4275 2
4276 2
4277 1
4278 2
4279 1
4280 1
4281 1
4282 4
4283 1
4284 1
4285 1 4
4286 1 3
4287 2
4288 3
4289 2
4290 1
4291 2 4
4292 2 3
4293 1 2
4294 4
4295 1 2 4
4296 1
4297 2
4298 2
4299 1 2
4300 1
4301 2
4302 1
4303 3
4304 1 2
4305 1 3 4
4306 3
4307 4
4308 2 4
4309 1 2
4310 1
4311 3
4312 1
4313 2
4314 1 4
4315 1 2 4
4316 1
4317 2
4318 1
4319 1
4320 1
4321 1
4322 1
4323 2
4324 2
4325 1 2 4
4326 2
4327 2 4
4328 1 2
4329 1
4330 1 3
4331 1
4332 2
4333 2
4334 1
4335 2
4336 1
4337 2
4338 1
4339 1 3 4
4340 1
4341 1 2
4342 1
4343 1
4344 2 3
4345 2
4346 2
4347 2 4
4348 1 3
